QA Environment:
db_password=77,75,99,59,-41,66,-80,27,79,-89,108,-106,-97,119,107,-7,62,-113,31,2,-93,-2,106,-56,-32,48,-114,120,67,79,65,126
aes_key=33,46,99,126,44,70,21,125,46,13,40,55,63,42,61,63
Dev Environment:
db_password=-118,-29,-124,-97,-70,-78,-116,-64,-92,21,-33,61,1,-44,-48,31,5,112,-101,66,-29,-37,44,125,101,23,-119,-73,-3,-115,89,90
aes_key=43,102,11,82,40,82,82,113,77,12,34,83,67,110,33,61
Staging Environment:
db_password=29,-42,-13,106,92,-16,11,88,12,-97,40,-68,64,-119,-116,-69,119,35,62,-5,-110,-36,84,-38,-21,58,46,13,27,-25,-15,-127
aes_key=101,127,54,20,37,14,111,9,109,124,127,118,93,45,72,3
Production Environment:
db_password=5,-94,-88,38,-108,-89,127,-17,-92,-99,74,100,-77,-101,22,113,57,-62,-6,-51,-81,88,-87,60,58,-41,44,70,124,-10,-21,-39
aes_key=18,94,86,104,25,82,48,38,111,57,19,55,64,1,48,102